10000
9.869618
9.8478985
9.799825
9.822803
9.764259
9.809766
9.78675
9.764153
9.736151
9.628528
9.587383
9.562189
9.553974
9.475639
9.495116
9.4127245
9.4387245
9.338637
9.257339
9.216404
9.234445
9.260813
9.133754
9.027546
9.123493
9.105235
9.1238575
9.023206
8.944392
8.926157
8.8225
8.832285
8.715515
8.7193365
8.613219
8.608929
8.50749
8.391512
8.300902
8.358059
8.372545
8.20835
8.110482
8.041761
8.075427
7.8851185
7.7738724
7.8237233
7.61235
7.52677
7.277799
7.4087634
7.330636
7.148361
7.0697455
7.019019
6.982788
6.8526645
6.949148
6.959154
7.043301
7.003111
7.0131683
6.869425
7.0264153
6.9261293
6.897799
6.829958
6.883623
6.948131
6.9308014
7.017403
6.962074
7.03097
7.035869
7.0540624
6.956295
6.98829
7.069705
6.8016863
7.043027
6.8366375
6.958939
6.8619227
6.974051
6.801402
7.0154543
6.95882
6.9946904
7.0368905
6.9764056
7.1218667
7.1562767
7.2753386
7.082782
7.27251
7.4398923
7.694114
7.96607
8.248033
8.122312
8.163026
8.193712
8.051321
8.276906
8.254031
8.237386
8.407782
8.393628
8.511543
8.409286
8.341216
8.301399
8.260323
8.167916
8.159152
8.122926
8.110064
8.148381
8.09339
8.093508
8.120321
8.021041
8.066534
8.002261
7.9249535
7.989766
7.948143
7.9511766
7.888372
7.859662
7.7822075
7.7121077
7.780923
7.7639422
7.682025
7.6487927
7.622989
7.499305
7.450262
7.544193
7.5978484
7.5790887
7.581343
7.495109
7.533988
7.5342298
7.5599036
7.6379843
7.580289
7.509054
7.6171165
7.5322313
7.4951324
7.42584
7.4135747
7.4078927
7.434072
7.2929454
7.481667
7.4402137
7.342453
7.302002
7.385251
7.3110433
7.2706423
7.3119817
7.2754292
7.350006
7.4097667
7.5355034
7.5291734
7.5250463
7.4887342
7.4437494
7.3575873
7.317305
7.3788104
7.2658424
7.270885
7.21112
7.2374163
7.1836557
7.1968923
7.083259
7.101521
7.024843
7.028387
7.1721544
7.1239295
7.10882
7.127226
7.025307
6.919281
6.8557644
6.73597
6.67923
6.705459
6.6694226
6.6787086
6.5374975
6.6395864
6.38161
6.4946876
6.385991
6.5646086
6.4933662
6.4167104
6.286314
6.3841696
6.457225
6.5679145
6.7031026
6.560283
6.846368
6.727796
6.6743746
6.6557417
6.8066907
6.5453625
6.652869
6.6018686
6.7166324
6.7414217
6.8094993
6.5869136
6.486859
6.8030977
6.7847857
6.5992527
6.7535577
6.708921
6.6718574
6.6187706
6.8239837
6.6001034
6.634088
6.6570168
6.74305
6.766506
6.5256944
6.6491723
6.646175
6.6265564
6.546218
6.7663083
6.4602084
6.6093802
6.633919
6.6707044
6.64155
6.6743445
6.2893333
6.561799
6.4923453
6.3401465
6.563483
6.587252
6.5428734
6.6369524
6.5530815
6.527183
6.7179923
6.5248933
6.6622577
6.4768033
6.73122
6.665652
6.644894
6.5960145
6.664985
6.517148
6.475517
6.474155
6.467022
6.273474
6.344825
6.39472
6.32669
6.2373905
6.5204515
6.71546
6.3857903
6.406383
6.436899
6.3594823
6.5934763
6.6096253
6.5487523
6.54818
6.4407754
6.5431485
6.528718
6.264257
6.562362
6.3428764
6.2324286
6.302037
6.483163
6.4355326
6.413496
6.6289344
6.5066004
6.54099
6.4541416
6.220037
6.5195007
6.457183
6.6872387
6.559361
6.577051
6.63061
6.5351863
6.6733384
6.42575
6.563894
6.7247763
6.4616714
6.5921288
6.446755
6.5248384
6.5246305
6.4021926
6.5237756
6.587849
6.4425406
6.430551
6.369931
6.375107
6.344432
6.3264794
6.392586
6.362523
6.478851
6.316633
6.504295
6.44736
6.397875
6.3212223
6.2992954
6.4012146
6.3865247
6.244737
6.335809
6.3286834
6.4922853
6.454578
6.3457146
6.178603
6.283804
6.359532
6.3820214
6.074154
6.431841
6.3345814
6.537229
6.137712
6.476447
6.5064383
6.5292144
6.409267
6.5368466
6.6225
6.658092
6.844809
6.7508516
6.837944
6.7251973
6.811226
6.8821497
6.856996
6.88327
6.832981
6.900327
7.1448307
6.822753
6.955288
6.979613
7.032504
6.750707
6.9105315
6.852505
6.8040786
6.8173003
6.7546587
6.8723984
6.939276
6.772131
6.7634125
6.7132072
6.6984653
6.8084373
6.7112007
6.6609273
6.6325846
6.5448976
6.6867423
6.6234345
6.474401
6.5511026
6.7702856
6.713836
6.626259
6.71187
6.6827006
6.597548
6.6520557
6.5782294
6.550936
6.5814657
6.6740346
6.5819187
6.67629
6.7146716
6.6730604
6.566473
6.779134
6.875033
6.5833793
6.6962223
6.779087
6.660548
6.732721
6.6632905
6.489228
6.65409
6.6609054
6.5746965
6.78757
6.649768
6.8005743
6.7294226
6.749557
6.981559
6.975477
6.6802835
6.620383
6.7614255
6.9353266
7.0442104
6.8520193
6.832974
7.0277834
6.885544
6.935845
6.881892
7.016219
6.964564
7.0273547
6.9941015
7.0469666
6.9292912
6.991997
6.948976
6.7566752
6.778202
6.9730945
6.919983
6.819715
6.958102
6.81935
6.947812
6.8585777
6.992791
6.8599944
6.836896
6.7431
6.720738
6.7834334
6.7903624
6.688075
6.8170395
6.833485
6.8597093
6.6468067
6.7792077
6.9104443
6.952186
6.7606764
6.767455
6.808443
6.8811274
6.8372207
6.818479
6.822427
6.718206
6.932609
6.960576
7.0457964
6.801915
7.0691743
6.9913225
7.0880075
7.0868945
6.955742
7.258283
7.185709
7.1925926
7.365551
7.412139
7.350537
7.261669
7.366751
7.3366933
7.2875257
7.3133426
7.3941984
7.4073243
7.4278646
7.606243
7.423457
7.3690434
7.284842
7.329246
7.127096
7.5127454
7.2945747
7.3902035
7.299978
7.123028
7.2850018
7.2832203
7.3475285
7.11065
7.3003488
7.0410523
7.008682
7.0191875
6.95245
6.838605
6.964868
7.028093
6.9363356
7.150504
6.9991384
6.8655415
6.9977894
6.915248
6.912921
7.0038185
6.817217
6.9067335
6.889102
6.9203634
6.9141817
6.956999
6.847851
6.973853
6.8386693
6.7969594
6.738191
6.8757544
6.999522
6.9426284
6.8164306
6.7996316
6.904052
6.8497458
6.8909936
6.891736
7.083876
7.038513
7.1660385
7.1699343
7.1174784
7.0043993
6.9884834
7.1099777
7.056201
7.2413316
7.384394
7.4366784
7.360265
7.3340635
7.316078
7.457192
7.414605
7.4324164
7.364469
7.3726277
7.470143
7.522937
7.4048886
7.390585
7.230339
7.279001
7.482752
7.3006916
7.3329196
7.233121
7.1723466
7.2689714
7.3199778
7.2335286
7.354615
7.3418026
7.243168
6.886493
6.9740186
7.0715017
7.0859723
6.9770727
7.0810738
6.9744
6.9921336
6.7384033
6.8532233
6.8453197
6.9999657
6.8421774
6.7405744
6.6752386
6.9118905
6.716739
6.7715764
6.78139
6.9392323
6.8802423
6.9993086
6.73283
6.8939495
6.964806
6.862114
6.9220786
6.816191
7.060255
6.9695587
6.8024297
7.045917
7.0486913
6.969743
6.882721
6.955589
6.9566717
7.0791717
6.8187265
7.2213635
7.2064915
6.905757
7.1652637
7.196473
7.260415
7.1947107
7.19722
7.2258224
7.124344
7.238167
7.3986573
7.355006
7.461619
7.3696556
7.3334723
7.502007
7.6133485
7.329687
7.4859414
7.4812074
7.4525747
7.306294
7.458651
7.5349064
7.363383
7.4656787
7.2572813
7.3216825
7.305153
7.2749386
7.411322
7.3938336
7.3222623
7.1830583
7.171366
7.115616
7.152197
7.1238675
6.9625754
6.8987055
6.8955355
7.0510364
6.953957
6.91559
6.860437
6.905218
6.8001685
6.862795
6.9035
6.863946
6.826749
6.8665237
6.79715
6.6642723
6.8694873
6.9028864
6.924718
6.8432364
6.9916067
6.898165
6.7923627
6.8322873
7.0249114
6.784231
6.8577104
6.8545938
6.973293
7.11306
6.817195
7.0650473
6.984825
6.875011
7.1452036
6.69347
6.9340343
7.0278187
6.9169445
7.1529436
7.071686
7.1761656
7.1361914
7.149935
7.084752
7.061322
7.2138953
7.0541778
7.219788
7.1012955
7.4295735
7.3148446
7.2413707
7.3087053
7.5157347
7.541471
7.377155
7.1734004
7.351713
7.3135514
7.1877203
7.3428373
7.254288
7.298558
7.2745566
7.2624135
7.04363
7.110767
7.212018
7.1477246
7.1959367
7.2822843
7.1643367
7.2278934
7.0255656
7.112844
6.937753
7.021121
7.149935
6.915184
7.0300903
6.980778
6.873253
6.852871
6.8662367
6.8519063
6.7372923
6.914378
6.782805
6.9854736
6.7300487
6.9257226
6.8695836
6.904004
6.8838267
7.187402
7.212385
7.165886
7.0449524
6.864553
6.5370708
6.4599953
6.61267
6.6195874
6.192153
6.0069776
5.691678
0
0
0
0
0
0
0
0
0
0
0
0
0
0
0
0
0
0
0
0
0
0
0
0
0
0
0
0
0
0
0
0
0
0
0
5.8557715
5.7376266
5.5762224
5.4146576
5.3014507
5.7754145
5.862163
6.395528
6.669781
6.9625525
6.7980857
6.888812
6.8100047
6.894864
6.888286
7.0104084
6.9769254
6.7351975
7.05529
7.0441427
7.170351
6.80461
7.1951356
7.168289
7.2526374
6.907958
7.152744
7.060428
7.202497
7.1663218
7.2133183
7.153234
7.0625696
7.156538
7.1775103
6.9254684
7.1141124
7.004618
7.0067334
7.1318603
7.098875
6.9703164
7.261898
7.361663
7.2129483
7.407702
7.38289
7.3915854
7.321571
7.4631715
7.4286866
7.5769577
7.4878197
7.5354004
7.6106334
7.617644
7.5799127
7.513315
7.6320615
7.566352
7.4623923
7.4910493
7.538826
7.6981273
7.408529
7.685221
7.4748583
7.4344907
7.7505145
7.407884
7.3279877
7.639363
7.449224
7.5283513
7.3421
7.2947836
7.262455
7.429275
7.2218094
7.2779684
7.2693143
7.339654
7.3691373
7.1628737
7.277835
7.29178
7.29375
7.4464393
7.2836037
7.414213
7.242223
7.2860355
7.2671056
7.5388193
7.551082
7.546624
7.4710436
7.585164
7.3998466
7.620398
7.5550513
7.4886622
7.532881
7.4746685
7.5505333
7.47565
7.4512672
7.4565454
7.5056157
7.6510005
7.588375
7.564333
7.726271
7.770137
7.7574806
7.6282563
7.835315
7.8329153
7.6995416
7.8566403
7.688134
7.6884108
7.6439953
7.650657
7.3831096
7.349005
7.5033536
7.538482
7.520237
7.3852882
7.3370914
7.418994
7.423103
7.5245748
7.214014
7.4024153
7.253989
7.2099495
7.2182436
7.3820977
7.4608054
7.0693107
7.4842944
7.3481226
7.395509
7.342707
7.2915926
7.32083
7.3831196
7.3651896
7.24113
7.320326
7.387081
7.268071
7.357967
7.2775693
7.4659247
7.377011
7.553159
7.496184
7.5310526
7.639305
7.633458
7.6058736
7.434387
7.4817247
7.6828504
7.708513
7.9801116
7.7704854
7.7920866
7.743344
7.835556
7.8038926
7.717933
7.8741364
7.756807
7.677742
7.596445
7.5481505
7.3725414
7.609806
7.6660385
7.570332
7.7114983
7.539969
7.4808187
7.551226
7.42245
7.52556
7.3602896
7.3588
7.3570576
7.5789175
7.3935
7.5564437
7.4708357
7.5659103
7.515355
7.6108694
7.8188076
7.3666224
7.507459
7.545462
7.617354
7.614587
7.639791
7.609985
7.724873
7.7843347
7.938488
7.788275
7.919916
7.884689
7.7417946
7.796279
7.772603
7.9224434
7.7996135
7.975619
7.902036
7.8136673
7.915276
7.6729903
7.8784175
7.715365
7.769502
7.8520255
7.5815763
7.780881
7.6987987
7.6494007
7.609168
7.531732
7.604574
7.608914
7.378629
7.4048657
7.607678
7.356596
7.493383
7.4375653
7.268013
7.471061
7.4029837
7.369221
7.3450956
7.3143277
7.3054833
7.515837
7.546525
7.3404994
7.5127335
7.7068644
7.670183
7.8001933
7.673392
7.725403
7.772241
7.9326305
7.7036405
7.9196777
7.852879
7.9905457
7.9166403
7.932227
7.719932
7.686208
7.866912
7.70429
7.530486
7.714328
7.703599
7.551761
7.4859242
7.4358745
7.5112405
7.624234
7.2932334
7.410671
7.489761
7.436055
7.4048524
7.4042068
7.5775805
7.404134
7.4307942
7.392631
7.65119
7.4444222
7.32472
7.3150682
7.2993603
7.5918446
7.409404
7.580738
7.68597
7.681111
7.6164722
7.6871557
7.79104
7.952089
7.9019923
8.025293
7.929389
7.9084105
7.8988876
7.841387
7.8886385
8.0086355
7.925524
7.9285097
7.7290373
7.612163
7.6676755
7.754687
7.7580414
7.4326878
7.4100184
7.3702173
7.46197
7.4256215
7.3312206
7.271103
7.3421984
7.359072
7.2518225
7.3754582
7.2514243
7.3680077
7.1913137
7.4419217
7.440001
7.355172
7.2954345
7.5669374
7.51235
7.616813
7.665722
7.6440506
7.639053
7.726625
7.69081
7.5664873
7.8709254
7.676341
7.596158
7.601531
7.6001854
7.665311
7.667815
7.5709414
7.624844
7.5610094
7.491976
7.24441
7.235547
7.1173177
7.059797
6.880625
7.0775256
7.1148577
7.116241
7.036196
6.7860436
7.021017
7.1023
6.9814353
7.0451527
7.092156
7.395267
7.354493
7.3423004
7.4465284
7.4469986
7.492569
7.550724
7.354249
7.632361
7.251943
7.5513735
7.5424685
7.4728327
7.7310147
7.7177057
7.8717523
7.575155
7.4653883
7.5412326
7.8024507
7.7410116
7.5214453
7.399637
7.2355943
7.2475405
7.1143355
6.982892
7.2868185
7.119852
6.917603
7.054345
7.0485272
6.674988
7.1192026
6.8629556
6.777484
7.141576
7.1718874
6.976878
7.2733517
7.0063643
7.228399
7.232046
7.1909556
7.1963363
7.37768
7.308004
7.316912
7.4318724
7.3055058
7.4309063
7.6282125
7.5391116
7.625886
7.9438353
7.1355305
7.340132
7.318189
7.1343713
7.354102
7.2109375
7.124992
7.0291514
7.336788
7.1219454
6.978907
7.0831113
7.2581887
6.994511
7.040461
6.92464
6.9740796
6.893109
6.909434
6.746004
7.021266
6.8884296
6.7900486
7.1615157
7.1006722
7.161194
7.0677915
6.838411
7.1668544
7.1372533
7.11296
7.238608
7.5609965
7.7205834
7.309183
7.457648
7.572616
7.5817304
7.2951164
7.2219377
7.185402
7.401317
7.192079
7.2111845
7.366103
7.570863
7.1661525
7.2670093
7.0956564
7.124815
7.2191257
6.9807754
6.7030377
6.6125827
6.804085
6.6332726
6.89186
6.8280687
6.7524395
6.856749
6.781125
6.664711
6.7413244
6.5687065
6.803124
6.94866
7.25167
7.067606
7.1662083
7.257582
7.141496
7.0169864
7.1526165
7.106597
7.1481147
7.0038257
7.324856
7.0025578
6.8495455
7.001049
6.956941
6.939443
6.779097
6.702819
6.833091
6.7343526
6.60549
6.4272594
6.556175
6.575441
6.536625
6.554735
6.4229727
6.733179
6.7507167
6.415462
6.5485296
6.570636
6.622389
6.7461567
6.76956
6.679602
6.814301
6.8095627
6.9235797
7.07896
6.9767914
7.0834026
6.6351247
6.8025846
6.77622
6.579033
6.5616784
6.6759048
6.838578
6.6447396
6.642685
6.759775
6.5112233
6.330451
6.4389496
6.432502
6.3386736
6.268702
6.225182
6.3135395
6.163456
6.1290817
6.082716
6.2752986
6.2804327
6.3174314
6.080637
6.3083797
6.321496
6.021392
6.302877
6.203467
6.084311
6.1982117
6.516028
6.269264
6.295527
6.079712
6.2801986
6.430309
6.2496
6.350386
6.3320575
6.441904
6.1678
6.2141867
6.35218
6.1392994
6.202279
6.2805266
6.453898
6.374906
6.3118286
6.3465085
6.1361227
6.2653894
6.19905
6.1932793
6.318289
6.0300922
6.12561
6.110912
5.864344
5.8313527
6.2097673
5.845953
5.8797135
5.928099
5.871315
5.829525
5.943418
5.856205
5.7597613
6.1420455
5.7608194
6.0407047
5.8648186
5.72046
5.6706505
6.1510367
6.184273
6.0137744
6.141941
6.112959
6.1514177
6.163375
6.2168694
6.2205353
6.06472
5.976656
6.171719
6.3036566
6.2397413
6.3652024
6.549336
6.3132486
6.1967907
6.3080516
6.311423
6.4588094
6.462469
6.5005445
6.498972
6.5240984
6.521939
6.5100594
6.4582334
6.4690056
6.4140034
6.5286417
6.420569
6.377041
6.575786
6.5886364
6.3547664
6.423182
6.3786535
6.506915
6.407897
6.6295834
6.500986
6.4043374
6.5013175
6.497915
6.643211
6.440205
6.4188194
6.3013554
6.2359095
6.1539917
6.246303
6.41082
6.473017
6.5485907
6.455712
6.5255203
6.5996184
6.4513955
6.570435
6.392731
6.7299376
6.369156
6.563576
6.405513
6.5644956
6.5665298
6.4809766
6.3182297
6.3384824
6.617444
6.560488
6.7151265
6.7530265
6.772213
6.6205845
6.5622234
6.6057644
6.6455564
6.420751
6.739545
6.848443
6.6394296
6.8955183
6.613538
6.8855996
6.5245924
6.5722013
6.583511
6.878667
6.4516416
6.3365083
6.5930834
6.3762155
6.395128
6.433842
6.3829613
6.565535
6.2625694
6.5291796
6.497143
6.765603
6.5728583
6.6332664
6.506538
6.5735364
6.415615
6.7637615
6.507488
6.601178
6.758198
6.83188
6.7233152
6.9727483
6.84484
6.767087
6.910923
6.8786435
6.8681526
6.882202
6.7279963
7.112577
6.863137
7.085717
6.8321
7.0240793
6.8939085
6.8544683
6.8788567
6.822794
6.8898044
6.8403273
6.7057076
6.862678
6.7181454
6.9137607
7.019733
7.171802
6.98943
7.0827394
7.09286
6.7244797
6.704961
6.694999
6.5310416
6.8342204
6.8142858
7.0097394
6.6638355
6.7922926
6.930356
6.8738813
6.5200186
6.6021724
6.4661403
6.783233
6.8860908
6.6280985
6.638272
6.6289816
6.7867417
6.613248
6.5006638
6.2182536
6.2646337
6.3743706
5.8531904
5.897575
5.9637413
5.782654
6.003844
6.2079797
6.1287317
6.1792583
6.2006435
6.0026474
6.0530725
6.013099
5.8630843
6.1066093
5.9679933
6.0892415
5.961861
6.0893574
6.056712
6.0474043
5.987764
5.995125
6.131529
6.16079
6.167325
6.0618925
6.299886
6.0555954
6.169625
6.225934
6.21619
6.1458373
6.184943
6.157058
5.9756846
6.0508204
6.202827
6.0897307
6.116483
6.0792913
5.993049
5.8977985
5.956418
6.0737667
6.007753
5.971928
5.974873
5.9192414
5.7887144
5.9046464
5.8823586
5.8542314
5.969922
5.702734
5.8237844
5.732022
5.646324
5.79621
5.953386
5.801129
5.789436
5.9081078
5.6913724
5.7970405
5.9377503
5.7455025
5.8792863
5.8908744
6.0678215
6.0016065
5.9681945
5.8514338
5.7328124
5.8396277
6.077877
5.888123
5.9127216
5.852155
5.837666
5.990008
6.082887
5.9360723
5.984095
6.0826364
6.140906
6.0705476
5.779121
5.8242617
6.017486
6.062584
5.9031744
6.1102204
6.0696263
6.118655
6.078289
6.0150824
5.9444413
6.0928736
5.763845
5.9003563
5.90258
6.137218
5.8245096
5.945535
5.9889455
5.935066
5.858283
5.8366766
5.9850135
6.138828
5.966869
5.638475
5.9818106
6.220279
5.8454347
6.0809507
6.234867
6.255876
6.0739026
6.1262984
5.978381
6.1434975
5.903597
5.842307
6.0204954
5.97532
5.9689403
6.0244813
5.7605133
6.0463977
5.805763
6.2966676
5.8865404
5.686719
5.915312
5.612418
5.7489576
5.738138
6.001615
5.825572
5.7671933
5.723366
5.607868
5.888791
5.973869
5.921283
5.763131
5.8130927
5.808754
5.950325
5.876907
5.887666
5.694253
6.027712
5.8071537
5.5983505
5.691488
5.704651
5.769965
5.6183224
5.7131653
5.6512566
5.569311
5.355336
5.5993967
5.47964
5.5709047
5.597556
5.319182
5.379151
5.3445964
5.7767816
5.203674
5.507947
5.5868764
5.5713625
5.461379
5.590948
5.442526
5.5897455
5.2331605
5.5468073
5.371151
5.4646544
5.5289254
5.419187
5.608612
5.5155673
5.5124526
5.4506593
5.6134963
5.6335897
5.364464
5.6163254
5.4742055
5.635712
5.376636
5.7617636
5.5174913
5.264391
5.441277
5.5480647
5.1285973
5.433897
5.450109
5.578143
5.6249304
5.3003097
5.433371
5.378534
5.6589804
5.4244604
5.2694836
5.508073
5.41106
5.4621797
5.429049
5.5259647
5.746805
5.4781303
5.359572
5.6063933
5.7193336
5.9108624
5.559998
5.6439147
5.706136
5.646679
5.614129
5.4720774
5.78267
5.54524
5.269904
5.4977956
5.5304003
5.551575
5.5118904
5.306288
5.4357014
5.2958922
5.45772
5.6389027
5.37031
5.2910333
5.5311847
5.4699216
5.3175387
5.456582
5.1110296
5.3248672
5.532819
5.4735665
5.2794576
5.29052
5.091367
5.1839557
5.257276
5.268523
5.3675394
5.3703785
5.3524423
5.3664827
5.3110332
5.3279886
5.268382
5.245489
5.252874
5.3606305
5.2896843
5.345103
5.188628
5.130616
5.360416
5.3972344
5.2553077
5.1734314
5.3029594
5.1651206
5.144188
4.981761
5.1575103
5.284124
5.30772
5.1871586
5.069808
