10000
9.869618
9.8478985
9.799825
9.822803
9.764259
9.809766
9.78675
9.764153
9.736151
9.628528
9.587383
9.562189
9.553974
9.475639
9.495116
9.4127245
9.4387245
9.338637
9.257339
9.216404
9.234445
9.260813
9.133754
9.027546
9.123493
9.105235
9.1238575
9.023206
8.944392
8.926157
8.8225
8.832285
8.715515
8.7193365
8.613219
8.608929
8.50749
8.391512
8.300902
8.358059
8.372545
8.20835
8.110482
8.041761
8.075427
7.8851185
7.7738724
7.8237233
7.61235
7.52677
7.277799
7.4087634
7.330636
7.148361
7.0697455
7.019019
6.982788
6.8526645
6.949148
6.959154
7.043301
7.003111
7.0131683
6.869425
7.0264153
6.9261293
6.897799
6.829958
6.883623
6.948131
6.9308014
7.017403
6.962074
7.03097
7.035869
7.0540624
6.956295
6.98829
7.069705
6.8016863
7.043027
6.8366375
6.958939
6.8619227
6.974051
6.801402
7.0154543
6.95882
6.9946904
7.0368905
6.9764056
7.1218667
7.1562767
7.2753386
7.082782
7.27251
7.4398923
7.694114
7.96607
8.248033
8.122312
8.163026
8.193712
8.051321
8.276906
8.254031
8.237386
8.407782
8.393628
8.511543
8.409286
8.341216
8.301399
8.260323
8.167916
8.159152
8.122926
8.110064
8.148381
8.09339
8.093508
8.120321
8.021041
8.066534
8.002261
7.9249535
7.989766
7.948143
7.9511766
7.888372
7.859662
7.7822075
7.7121077
7.780923
7.7639422
7.682025
7.6487927
7.622989
7.499305
7.450262
7.544193
7.5978484
7.5790887
7.581343
7.495109
7.533988
7.5342298
7.5599036
7.6379843
7.580289
7.509054
7.6171165
7.5322313
7.4951324
7.42584
7.4135747
7.4078927
7.434072
7.2929454
7.481667
7.4402137
7.342453
7.302002
7.385251
7.3110433
7.2706423
7.3119817
7.2754292
7.350006
7.4097667
7.5355034
7.5291734
7.5250463
7.4887342
7.4437494
7.3575873
7.317305
7.3788104
7.2658424
7.270885
7.21112
7.2374163
7.1836557
7.1968923
7.083259
7.101521
7.024843
7.028387
7.1721544
7.1239295
7.10882
7.127226
7.025307
6.919281
6.8557644
6.73597
6.67923
6.705459
6.6694226
6.6787086
6.5374975
6.6395864
6.38161
6.4946876
6.385991
6.5646086
6.4933662
6.4167104
6.286314
6.3841696
6.457225
6.5679145
6.7031026
6.560283
6.846368
6.727796
6.6743746
6.6557417
6.8066907
6.5453625
6.652869
6.6018686
6.7166324
6.7414217
6.8094993
6.5869136
6.486859
6.8030977
6.7847857
6.5992527
6.7535577
6.708921
6.6718574
6.6187706
6.8239837
6.6001034
6.634088
6.6570168
6.74305
6.766506
6.5256944
6.6491723
6.646175
6.6265564
6.546218
6.7663083
6.4602084
6.6093802
6.633919
6.6707044
6.64155
6.6743445
6.2893333
6.561799
6.4923453
6.3401465
6.563483
6.587252
6.5428734
6.6369524
6.5530815
6.527183
6.7179923
6.5248933
6.6622577
6.4768033
6.73122
6.665652
6.644894
6.5960145
6.664985
6.517148
6.475517
6.474155
6.467022
6.273474
6.344825
6.39472
6.32669
6.2373905
6.5204515
6.71546
6.3857903
6.406383
6.436899
6.3594823
6.5934763
6.6096253
6.5487523
6.54818
6.4407754
6.5431485
6.528718
6.264257
6.562362
6.3428764
6.2324286
6.302037
6.483163
6.4355326
6.413496
6.6289344
6.5066004
6.54099
6.4541416
6.220037
6.5195007
6.457183
6.6872387
6.559361
6.577051
6.63061
6.5351863
6.6733384
6.42575
6.563894
6.7247763
6.4616714
6.5921288
6.446755
6.5248384
6.5246305
6.4021926
6.5237756
6.587849
6.4425406
6.430551
6.369931
6.375107
6.344432
6.3264794
6.392586
6.362523
6.478851
6.316633
6.504295
6.44736
6.397875
6.3212223
6.2992954
6.4012146
6.3865247
6.244737
6.335809
6.3286834
6.4922853
6.454578
6.3457146
6.178603
6.283804
6.359532
6.3820214
6.074154
6.431841
6.3345814
6.537229
6.137712
6.476447
6.5064383
6.5292144
6.409267
6.5368466
6.6225
6.658092
6.844809
6.7508516
6.837944
6.7251973
6.811226
6.8821497
6.856996
6.88327
6.832981
6.900327
7.1448307
6.822753
6.955288
6.979613
7.032504
6.750707
6.9105315
6.852505
6.8040786
6.8173003
6.7546587
6.8723984
6.939276
6.772131
6.7634125
6.7132072
6.6984653
6.8084373
6.7112007
6.6609273
6.6325846
6.5448976
6.6867423
6.6234345
6.474401
6.5511026
6.7702856
6.713836
6.626259
6.71187
6.6827006
6.597548
6.6520557
6.5782294
6.550936
6.5814657
6.6740346
6.5819187
6.67629
6.7146716
6.6730604
6.566473
6.779134
6.875033
6.5833793
6.6962223
6.779087
6.660548
6.732721
6.6632905
6.489228
6.65409
6.6609054
6.5746965
6.78757
6.649768
6.8005743
6.7294226
6.749557
6.981559
6.975477
6.6802835
6.620383
6.7614255
6.9353266
7.0442104
6.8520193
6.832974
7.0277834
6.885544
6.935845
6.881892
7.016219
6.964564
7.0273547
6.9941015
7.0469666
6.9292912
6.991997
6.948976
6.7566752
6.778202
6.9730945
6.919983
6.819715
6.958102
6.81935
6.947812
6.8585777
6.992791
6.8599944
6.836896
6.7431
6.720738
6.7834334
6.7903624
6.688075
6.8170395
6.833485
6.8597093
6.6468067
6.7792077
6.9104443
6.952186
6.7606764
6.767455
6.808443
6.8811274
6.8372207
6.818479
6.822427
6.718206
6.932609
6.960576
7.0457964
6.801915
7.0691743
6.9913225
7.0880075
7.0868945
6.955742
7.258283
7.185709
7.1925926
7.365551
7.412139
7.350537
7.261669
7.366751
7.3366933
7.2875257
7.3133426
7.3941984
7.4073243
7.4278646
7.606243
7.423457
7.3690434
7.284842
7.329246
7.127096
7.5127454
7.2945747
7.3902035
7.299978
7.123028
7.2850018
7.2832203
7.3475285
7.11065
7.3003488
7.0410523
7.008682
7.0191875
6.95245
6.838605
6.964868
7.028093
6.9363356
7.150504
6.9991384
6.8655415
6.9977894
6.915248
6.912921
7.0038185
6.817217
6.9067335
6.889102
6.9203634
6.9141817
6.956999
6.847851
6.973853
6.8386693
6.7969594
6.738191
6.8757544
6.999522
6.9426284
6.8164306
6.7996316
6.904052
6.8497458
6.8909936
6.891736
7.083876
7.038513
7.1660385
7.1699343
7.1174784
7.0043993
6.9884834
7.1099777
7.056201
7.2413316
7.384394
7.4366784
7.360265
7.3340635
7.316078
7.457192
7.414605
7.4324164
7.364469
7.3726277
7.470143
7.522937
7.4048886
7.390585
7.230339
7.279001
7.482752
7.3006916
7.3329196
7.233121
7.1723466
7.2689714
7.3199778
7.2335286
7.354615
7.3418026
7.243168
6.886493
6.9740186
7.0715017
7.0859723
6.9770727
7.0810738
6.9744
6.9921336
6.7384033
6.8532233
6.8453197
6.9999657
6.8421774
6.7405744
6.6752386
6.9118905
6.716739
6.7715764
6.78139
6.9392323
6.8802423
6.9993086
6.73283
6.8939495
6.964806
6.862114
6.9220786
6.816191
7.060255
6.9695587
6.8024297
7.045917
7.0486913
6.969743
6.882721
6.955589
6.9566717
7.0791717
6.8187265
7.2213635
7.2064915
6.905757
7.1652637
7.196473
7.260415
7.1947107
7.19722
7.2258224
7.124344
7.238167
7.3986573
7.355006
7.461619
7.3696556
7.3334723
7.502007
7.6133485
7.329687
7.4859414
7.4812074
7.4525747
7.306294
7.458651
7.5349064
7.363383
7.4656787
7.2572813
7.3216825
7.305153
7.2749386
7.411322
7.3938336
7.3222623
7.1830583
7.171366
7.115616
7.152197
7.1238675
6.9625754
6.8987055
6.8955355
7.0510364
6.953957
6.91559
6.860437
6.905218
6.8001685
6.862795
6.9035
6.863946
6.826749
6.8665237
6.79715
6.6642723
6.8694873
6.9028864
6.924718
6.8432364
6.9916067
6.898165
6.7923627
6.8322873
7.0249114
6.784231
6.8577104
6.8545938
6.973293
7.11306
6.817195
7.0650473
6.984825
6.875011
7.1452036
6.69347
6.9340343
7.0278187
6.9169445
7.1529436
7.071686
7.1761656
7.1361914
7.149935
7.084752
7.061322
7.2138953
7.0541778
7.219788
7.1012955
7.4295735
7.3148446
7.2413707
7.3087053
7.5157347
7.541471
7.377155
7.1734004
7.351713
7.3135514
7.1877203
7.3428373
7.254288
7.298558
7.2745566
7.2624135
7.04363
7.110767
7.212018
7.1477246
7.1959367
7.2822843
7.1643367
7.2278934
7.0255656
7.112844
6.937753
7.021121
7.149935
6.915184
7.0300903
6.980778
6.873253
6.852871
6.8662367
6.8519063
6.7372923
6.914378
6.782805
6.9854736
6.7300487
6.9257226
6.8695836
6.904004
6.8838267
7.187402
7.212385
7.165886
7.0449524
6.864553
6.5370708
6.4599953
6.61267
6.6195874
6.192153
6.0069776
5.691678
5.3123326
5.4285927
4.8173294
4.5360155
4.4438634
3.868543
3.8170323
3.1544485
3.0957875
2.6642065
2.5044231
2.3177533
2.0852568
2.3278763
1.907002
2.109028
2.4663975
2.385669
1.8341743
2.0021207
1.9284165
1.8904989
2.2247617
2.267493
2.324298
2.4825225
2.7073605
3.0842745
2.6948836
2.1615934
2.2648041
2.5441437
2.9719446
2.4893212
2.2274117
2.6468248
2.6643727
2.3189805
2.3457723
2.8404164
2.7521474
2.719193
2.4594114
2.986949
2.939142
2.8591964
2.165326
2.9000247
2.7552109
2.2338095
2.1758056
2.5117962
2.46987
2.7518477
2.6386316
2.6387208
2.4683883
2.6761146
2.2891538
1.9755061
2.3236194
2.6572108
2.1981592
2.413414
2.1839526
2.222222
2.3798237
2.736738
2.3929005
2.4932952
2.2706907
2.399678
2.1874855
2.3694062
2.2300363
2.4345007
2.4939744
2.5931466
2.503139
2.0858543
2.8382134
2.3469265
2.7947075
3.06746
3.0146537
3.1314528
3.1926389
3.2894754
3.0075283
3.0938327
3.052691
3.2757685
3.067154
2.9201035
3.1030521
3.3326297
3.1585565
3.1227992
3.1821
3.1603405
3.3213308
3.1877801
3.2772424
3.1903903
3.0575457
3.1566648
3.2431986
3.1954918
3.1482804
3.1754153
3.022219
3.221984
3.2077787
3.1915176
2.8854446
3.0462706
2.8118825
3.008266
2.8800042
2.7445688
2.8033392
2.9863718
2.6770794
2.9578404
2.8957343
2.5366716
2.8532655
2.781512
2.834299
2.9978812
3.153012
2.8053606
2.7831566
2.9182336
2.5800595
2.7246554
2.8690658
2.8668845
2.4259253
2.5470474
2.6355615
2.4773185
2.4807358
2.4534943
2.2544763
2.2135892
2.193677
2.1091115
1.9504446
1.9388789
1.9256909
1.9337069
2.1397877
2.0852745
2.120169
2.204114
2.1969123
2.1905305
2.2465196
2.187606
2.4074755
2.1745236
2.6542192
2.5433583
2.6887136
2.703742
2.596052
2.6211185
2.5539792
3.0198376
2.8589685
3.0133703
2.9380744
2.8033333
2.7597384
2.7897618
3.0880556
2.6940804
2.6537116
2.881963
2.974413
2.9305773
3.0491316
3.0735495
3.201543
2.8063715
2.735027
2.633103
2.4271371
2.5227318
2.4465506
2.4297776
2.4381843
2.5164242
2.6767278
2.9595706
3.1423059
3.3545084
3.5657556
3.5799768
3.7924201
3.6205354
3.7570784
3.4775941
3.8770854
3.3811696
3.6138105
3.679615
3.5763438
3.466728
3.6083498
3.7961717
4.0181103
3.995251
4.151126
4.2524633
4.0941358
4.0235534
4.143782
3.8869977
4.0450363
4.0524664
4.0374565
3.951156
3.8380404
3.7267728
3.913539
3.4716556
3.6777623
3.5224173
3.3744364
3.3144429
3.4102235
3.303765
3.1939783
3.3638384
3.3343723
3.1570358
3.1077077
3.156757
3.1022468
3.1647134
3.0205731
3.102538
3.0689123
3.2753706
3.190292
3.1381466
3.2781487
3.4874213
3.4914114
3.5563633
3.5956154
3.4851549
3.4817538
3.6217928
3.6336918
3.6814718
3.7957633
3.7622318
3.6866696
3.7425454
3.7452524
3.4376163
3.558448
3.5512512
3.5571616
3.5674198
3.541981
3.5700765
3.656326
3.5307412
3.7455122
3.5970216
3.6862586
3.482517
3.6723986
3.6589098
3.5303516
3.519343
3.5458498
3.3508828
3.505456
3.3122926
3.2391233
3.2021508
3.3633845
3.1373372
3.3023458
3.1765482
3.1747437
3.4305573
3.2598655
3.3969195
3.2440028
3.4061854
3.3303921
3.5289376
3.347556
3.4523547
3.3267372
3.4023962
3.200922
3.1946084
3.4167078
3.2590199
3.2143738
3.1551425
3.20716
3.0711257
3.2430959
3.1204956
3.1737206
3.0861573
3.1952207
3.369074
3.4066358
3.1819847
3.3486958
3.534627
3.4616706
3.3500524
3.2679253
3.3049798
3.2839234
3.3199935
3.4105215
3.3546257
3.4122183
3.3659532
3.3984427
3.3501196
3.2833042
3.3352578
3.4002619
3.423692
3.4132564
3.3586838
3.2453275
3.310572
3.283293
3.2391813
3.0965505
3.0442812
3.0489228
3.0171368
3.1746962
3.1868951
3.2306652
3.276027
3.2139733
3.2291472
3.4913244
3.4220793
3.4817982
3.6021118
3.4761229
3.4989078
3.6741242
3.5179143
3.5079546
3.5352352
3.562721
3.5172455
3.6762037
3.6894593
3.5210178
3.439894
3.4096074
3.2615633
3.3302677
3.320155
3.1027784
2.8451662
2.863966
2.7540216
2.6737957
2.857868
2.9395485
2.9330132
3.0032535
3.0953045
3.1333477
3.1483586
3.116848
3.1310809
3.354097
3.3958766
3.4371972
3.419355
3.510003
3.507592
3.4728734
3.6218338
3.540785
3.5365806
3.5986772
3.6005526
3.8231149
3.6999996
4.0301194
3.977461
3.8282266
3.9458137
3.6979973
3.481277
3.4755845
3.3979437
3.0104022
3.1082618
3.5054169
3.401235
3.620126
3.6559653
3.5763063
3.6449811
3.5569263
3.586378
3.6448245
3.7115998
3.5473683
3.6680808
3.6846807
3.5958886
3.7732725
3.591021
3.8870003
3.8466585
3.747368
3.6626863
3.7524872
3.8265047
3.8395877
3.7875357
3.7533946
3.6893108
3.7573886
3.6731954
3.6669643
3.6531444
3.6982248
3.589983
3.607237
3.5313663
3.4628534
3.6299224
3.5074155
3.5081112
3.3998432
3.4606025
3.514871
3.438161
3.2692997
3.2661116
3.2634642
3.3181617
3.2553465
3.3303933
3.368782
3.2565603
3.2450619
3.283516
3.2783766
3.3495808
3.491703
3.3913167
3.4189472
3.5742455
3.5634334
3.5651474
3.644301
3.4477975
3.520573
3.4686482
3.399015
3.4962192
3.4457474
3.3794186
3.356176
3.3748424
3.4116187
3.3584056
3.4599094
3.4528472
3.333532
3.4627912
3.4769852
3.4599848
3.4707556
3.4552023
3.4867644
3.5883734
3.4814055
3.646607
3.6405494
3.6184254
3.6461747
3.7052798
3.670145
3.7769158
3.7414103
3.7516563
3.6347635
3.6162055
3.6179647
3.5845041
3.5267498
3.6002448
3.4971344
3.5139198
3.5626106
3.5539215
3.5350826
3.6455088
3.5579774
3.6660266
3.7707627
3.7803252
3.764395
3.8175054
3.7217193
3.775347
3.7364726
3.8043816
3.8745775
3.7593086
3.7824998
3.7127223
3.7573876
3.7699692
3.739624
3.6596696
3.5775235
3.526034
3.4805849
3.6303496
3.37221
3.388567
3.4755003
3.4276724
3.3076222
3.4888985
3.4834204
3.3135667
3.4288836
3.4632244
3.2667174
3.5127935
3.4883113
3.5757048
3.607603
3.6286407
3.780177
3.9271994
3.920438
3.930667
3.9742992
3.9783728
3.8762522
3.849626
3.9015849
3.7431607
3.628439
3.641841
3.5335245
3.5512822
3.450072
3.5535886
3.6179533
3.603648
3.450562
3.413934
3.3412712
3.4407573
3.5436003
3.5615482
3.5081253
3.5361693
3.296496
3.3454149
3.6198988
3.3743615
3.4662628
3.2855499
3.4056818
3.516757
3.604647
3.7182188
3.7674568
3.9242399
3.7118394
3.7531426
3.835975
3.8241172
3.7836287
3.6379519
3.714016
3.7134204
3.7183938
3.7577052
3.7194583
3.7760098
3.8950875
3.7848566
3.74631
3.7632248
3.734074
3.7513704
3.6787999
3.514138
3.6314394
3.438376
3.3897996
3.4002407
3.4659314
3.3845763
3.2708657
3.3549833
3.3890777
3.4051096
3.338977
3.1857853
3.3098736
3.3414264
3.3926759
3.44493
3.4494684
3.610501
3.6129322
3.6846201
3.771096
3.6616464
3.6956801
3.8067958
3.6725757
3.5135367
3.4648142
3.3367484
3.3378315
3.296888
3.1814733
3.0779822
3.3148015
3.4104977
3.4944165
3.413923
3.4466217
3.5160096
3.4414048
3.4727309
3.4339445
3.2555804
3.248217
3.362603
3.3719418
3.408607
3.4230208
3.4771109
3.305838
3.1760318
3.2053921
3.2297385
3.1257455
2.9408545
2.9435508
2.9707406
2.8227978
2.80668
2.9563215
2.9309847
2.947084
2.9552608
2.9761815
2.9119124
2.8106194
2.7877085
2.671994
2.51425
2.609183
2.5764294
2.6724045
2.6859045
2.8175669
2.7291212
2.749235
2.8711336
3.1980264
2.8729389
2.7969837
2.8514705
2.9847689
3.1062162
3.1987424
3.0777514
3.117322
3.0425935
3.067517
2.8392358
2.7643843
3.029887
3.0224316
3.1705403
3.2529104
3.2944186
3.3553457
3.3301144
3.219178
3.0756583
2.974509
2.8494308
2.9019172
2.8267164
2.6383553
2.579464
2.4698687
2.5416882
2.440009
2.395544
2.6286266
2.7887285
2.7820845
2.8656359
2.8070316
2.7993817
2.807821
2.8919978
2.5013633
2.5676932
2.673309
2.7248898
2.7433367
2.6436007
2.7183998
2.7271485
2.7408798
2.6980782
2.672828
2.8417025
2.8518183
2.8108504
2.8975387
3.0864625
3.133663
2.9709437
2.777978
2.7514648
2.7959447
2.6010761
2.647752
2.4805846
2.3123624
2.348128
2.257469
2.2627456
2.103117
2.1205943
2.2395551
2.3405168
2.4583855
2.3876386
2.3936937
2.444337
2.5665834
2.5077157
2.5139103
2.4219954
2.4521496
2.5615067
2.4144492
2.4442992
2.471669
2.4994109
2.4260166
2.3046117
2.2647123
2.3719256
2.3637817
2.530504
2.458419
2.578158
2.39115
2.3854995
2.5433388
2.4942312
2.5649853
2.7067382
2.806889
2.7662816
2.745919
2.6809256
2.6166162
2.6805413
2.5852425
2.3319585
2.3865035
2.255708
2.2074504
2.196499
2.2073393
2.2406464
2.0788906
2.1722796
2.015071
2.277537
2.2214715
2.5265565
2.4489448
2.6709793
2.7524428
2.397063
2.591642
2.6674323
2.5071044
2.5900052
2.455681
2.5780058
2.210212
2.446152
2.1375077
2.2382314
2.3497589
2.230503
2.3425055
2.108711
2.2570162
2.107487
2.115959
2.1160536
2.0980785
2.0691676
2.1872845
2.1311877
2.1964219
2.23119
2.3654065
2.4330957
2.4542904
2.5372608
2.5673747
2.591816
2.7470913
2.7514632
2.7803593
2.8431199
2.8685553
2.8511994
2.853316
2.9096506
2.831683
2.995951
2.9474704
2.91146
3.069248
2.934636
2.784162
3.0150568
2.6693447
3.304731
3.126876
3.5467384
3.7705376
3.5764778
4.0605516
4.129684
4.0483932
4.2488966
4.366701
4.403078
4.549441
4.6531534
4.4665346
4.5723863
4.6030564
4.6245503
4.3061533
4.2516065
3.979108
4.0651283
4.214349
4.052287
3.853245
3.7893414
3.9681242
3.9476917
3.8906505
3.8896604
3.8320146
3.713889
3.3885427
3.1665785
3.0596619
2.6658168
2.4374363
2.381799
2.1790035
2.0727873
2.1269965
2.2313483
2.0430646
2.0408072
1.9906293
2.054242
2.1045763
1.8279877
1.5991727
1.6940912
1.7032486
1.7495093
1.8905069
1.9919896
1.930693
2.1127684
2.0985804
2.1136138
2.4276285
2.396039
2.4039345
2.4148233
2.471777
2.3662887
2.4225175
2.5591285
2.5978105
2.5770316
2.6249928
2.6920207
2.6672623
2.6122632
2.4227834
2.2547827
2.2539985
2.3002484
2.2281635
2.2899408
2.280224
2.404332
2.428366
2.5376503
2.593845
2.4611366
2.6376884
2.5077424
2.5075052
2.5404763
2.3835773
2.4905775
2.4137015
2.4388096
2.5180144
2.5016942
2.7490518
2.8409903
2.9447477
2.7620616
2.765905
2.8003492
2.6898737
2.472555
2.511212
2.5454018
2.6273127
2.7596407
2.8635814
2.9008722
2.9304683
3.0182292
3.089927
3.040654
2.9974363
3.006804
3.1785076
3.1495512
3.1225111
3.20995
3.064889
3.04861
3.2204053
3.2135394
3.2027287
3.237993
3.157082
3.1919746
3.2245598
3.2631047
3.3244998
3.439853
3.3337753
3.4292216
3.2590663
3.2829897
3.3866875
3.4492805
3.3794904
3.509243
3.4827816
3.3873353
3.5276642
3.5162394
3.4005802
3.4206214
3.4965189
3.3167775
3.3058753
3.3233993
3.3640485
3.4973838
3.4016268
3.4722645
3.5450466
3.7327278
3.6753423
3.770028
3.9111233
3.5228584
3.6863716
3.6950324
3.7786386
3.9192924
3.9707222
3.9492414
3.9714208
4.1443324
4.2205043
4.1023917
4.260211
4.226578
4.3302026
4.5521317
4.4691644
4.6076436
4.525598
4.4849277
4.483634
4.447854
4.78734
4.160899
4.292481
4.266515
4.4369297
4.3742723
4.520352
4.19662
4.1680317
4.033799
4.135002
4.047216
4.2031736
3.7128742
3.8534722
3.6415508
3.1476245
3.2001617
3.0087438
2.9967635
2.9536247
2.9114006
3.0505936
2.8515277
2.9409044
2.9399016
3.0067382
2.9844427
3.0884688
2.933105
3.0165317
3.1296682
3.1382062
3.1263373
3.1274867
3.1854193
3.1110973
3.2310088
3.1879811
3.1397755
3.1439147
3.0823402
3.0237896
3.2288136
2.9678037
3.0199215
2.9986956
3.1093202
2.9125516
3.1010067
3.0961723
2.999002
2.9778657
3.0464172
2.997342
2.9188828
2.921655
3.0102448
2.9251127
2.9976583
3.0278313
2.8830495
